0 64
0 65
0 66
1 65
1 66
1 67
2 65
2 66
2 68
2 69
2 70
3 69
3 70
3 71
3 72
3 73
3 74
4 75
4 76
5 77
5 78
5 79
5 80
6 81
6 82
6 83
7 81
7 82
7 83
8 75
8 76
9 72
9 84
10 85
11 70
11 79
11 81
11 86
11 87
11 88
11 89
12 87
12 90
13 70
13 79
13 81
13 86
13 87
13 91
14 92
14 93
15 77
15 78
15 79
15 80
16 77
16 78
16 79
16 80
17 94
17 95
17 96
17 97
17 98
17 99
17 100
18 101
18 102
19 97
19 103
20 96
20 104
21 101
21 102
22 87
22 94
22 99
22 105
22 106
22 107
22 108
23 94
24 68
24 71
24 72
24 73
24 81
24 109
24 110
24 111
25 73
25 112
26 112
27 72
28 113
29 87
29 94
29 114
30 87
30 92
30 93
30 97
30 98
31 96
32 106
33 115
34 72
34 87
34 95
34 98
34 101
34 106
34 115
34 116
35 105
35 117
35 118
36 69
36 119
37 69
37 70
37 120
38 71
38 76
38 79
39 83
40 94
40 99
40 107
41 68
41 94
41 99
41 107
42 94
42 99
42 107
43 94
43 99
43 105
43 107
43 110
44 68
44 71
44 72
44 73
44 81
44 109
44 110
45 112
46 85
46 86
46 92
46 113
46 121
47 70
47 79
47 81
47 85
47 86
47 92
47 113
47 121
48 85
48 86
48 87
48 92
48 106
48 113
48 121
49 73
49 85
49 86
49 92
49 98
49 113
49 121
50 88
50 122
51 96
51 97
51 98
51 106
51 113
52 69
52 96
52 97
52 98
53 68
53 96
53 97
53 98
54 92
54 96
54 97
54 98
55 68
55 96
55 97
55 98
56 76
56 96
56 97
56 98
56 101
57 95
57 101
57 106
57 115
58 95
58 101
58 106
58 115
59 69
59 70
60 70
60 79
60 81
60 86
61 66
62 65
63 74
